400
-1 1 -1 20 
0 -1 -1 21 
-1 -1 -1 22 
-1 4 -1 23 
3 5 -1 -1 
4 6 -1 25 
5 7 -1 26 
6 -1 -1 27 
-1 -1 -1 28 
-1 10 -1 29 
9 11 -1 30 
10 12 -1 31 
11 13 -1 32 
12 -1 -1 33 
-1 -1 -1 -1 
-1 16 -1 35 
15 -1 -1 36 
-1 18 -1 37 
17 19 -1 38 
18 -1 -1 39 
-1 21 0 -1 
20 22 1 41 
21 23 2 42 
22 24 3 43 
23 25 -1 44 
24 -1 5 45 
-1 27 6 46 
26 28 7 47 
27 29 8 48 
28 30 9 49 
29 31 10 50 
30 32 11 51 
31 33 12 52 
32 34 13 53 
33 35 -1 54 
34 36 15 55 
35 37 16 -1 
36 38 17 57 
37 39 18 58 
38 -1 19 -1 
-1 41 -1 60 
40 42 21 61 
41 43 22 62 
42 44 23 63 
43 45 24 64 
44 46 25 65 
45 47 26 66 
46 48 27 67 
47 49 28 68 
48 50 29 69 
49 51 30 70 
50 52 31 71 
51 -1 32 72 
-1 54 33 73 
53 55 34 74 
54 56 35 -1 
55 57 -1 76 
56 58 37 77 
57 -1 38 78 
-1 -1 -1 79 
-1 61 40 80 
60 -1 41 81 
-1 63 42 82 
62 64 43 -1 
63 -1 44 84 
-1 66 45 85 
65 -1 46 86 
-1 68 47 87 
67 69 48 88 
68 70 49 89 
69 71 50 90 
70 72 51 91 
71 73 52 92 
72 -1 53 93 
-1 75 54 94 
74 76 -1 -1 
75 77 56 96 
76 78 57 97 
77 79 58 98 
78 -1 59 99 
-1 81 60 100 
80 82 61 101 
81 83 62 102 
82 84 -1 103 
83 85 64 104 
84 -1 65 105 
-1 87 66 106 
86 88 67 -1 
87 89 68 108 
88 90 69 109 
89 -1 70 110 
-1 92 71 -1 
91 -1 72 112 
-1 94 73 113 
93 -1 74 -1 
-1 96 -1 115 
95 -1 76 116 
-1 98 77 117 
97 99 78 118 
98 -1 79 -1 
-1 101 80 -1 
100 102 81 121 
101 103 82 122 
102 104 83 123 
103 -1 84 124 
-1 106 85 125 
105 107 86 126 
106 108 -1 127 
107 109 88 128 
108 110 89 -1 
109 111 90 130 
110 112 -1 -1 
111 113 92 132 
112 114 93 133 
113 115 -1 -1 
114 116 95 -1 
115 117 96 136 
116 118 97 137 
117 -1 98 138 
-1 -1 -1 -1 
-1 121 -1 -1 
120 122 101 141 
121 123 102 142 
122 124 103 143 
123 125 104 144 
124 -1 105 -1 
-1 127 106 146 
126 128 107 147 
127 -1 108 148 
-1 130 -1 149 
129 -1 110 150 
-1 132 -1 151 
131 133 112 152 
132 134 113 -1 
133 135 -1 154 
134 136 -1 155 
135 137 116 156 
136 138 117 157 
137 -1 118 -1 
-1 -1 -1 159 
-1 141 -1 160 
140 142 121 161 
141 143 122 162 
142 144 123 -1 
143 145 124 164 
144 -1 -1 165 
-1 147 126 166 
146 148 127 167 
147 149 128 168 
148 150 129 169 
149 151 130 -1 
150 152 131 171 
151 153 132 172 
152 -1 -1 173 
-1 155 134 174 
154 156 135 175 
155 157 136 176 
156 158 137 177 
157 -1 -1 178 
-1 -1 139 179 
-1 -1 140 180 
-1 162 141 181 
161 163 142 182 
162 164 -1 183 
163 165 144 -1 
164 -1 145 185 
-1 167 146 186 
166 168 147 187 
167 169 148 188 
168 170 149 -1 
169 -1 -1 190 
-1 172 151 191 
171 173 152 -1 
172 174 153 193 
173 175 154 194 
174 176 155 195 
175 177 156 -1 
176 178 157 197 
177 -1 158 198 
-1 -1 159 199 
-1 181 160 200 
180 -1 161 201 
-1 183 162 202 
182 184 163 203 
183 185 -1 204 
184 186 165 -1 
185 187 166 -1 
186 188 167 207 
187 189 168 208 
188 -1 -1 209 
-1 191 170 210 
190 192 171 211 
191 193 -1 212 
192 194 173 -1 
193 195 174 214 
194 196 175 215 
195 197 -1 -1 
196 198 177 217 
197 199 178 218 
198 -1 179 219 
-1 201 180 220 
200 -1 181 221 
-1 203 182 222 
202 204 183 223 
203 205 184 224 
204 206 -1 225 
205 207 -1 226 
206 208 187 227 
207 209 188 228 
208 210 189 -1 
209 211 190 -1 
210 212 191 -1 
211 -1 192 -1 
-1 -1 -1 233 
-1 -1 194 -1 
-1 -1 195 -1 
-1 217 -1 236 
216 -1 197 237 
-1 -1 198 238 
-1 -1 199 239 
-1 221 200 240 
220 222 201 241 
221 223 202 -1 
222 224 203 243 
223 225 204 244 
224 -1 205 -1 
-1 227 206 246 
226 228 207 247 
227 229 208 -1 
228 230 -1 249 
229 -1 -1 250 
-1 232 -1 251 
231 -1 -1 252 
-1 234 213 253 
233 -1 -1 -1 
-1 236 -1 -1 
235 237 216 256 
236 238 217 257 
237 -1 218 258 
-1 -1 219 259 
-1 241 220 260 
240 242 221 261 
241 -1 -1 -1 
-1 244 223 263 
243 245 224 264 
244 -1 -1 265 
-1 247 226 266 
246 248 227 -1 
247 249 -1 -1 
248 250 229 269 
249 251 230 270 
250 252 231 271 
251 253 232 272 
252 254 233 -1 
253 255 -1 274 
254 256 -1 275 
255 257 236 276 
256 -1 237 277 
-1 -1 238 278 
-1 -1 239 279 
-1 261 240 280 
260 262 241 281 
261 263 -1 282 
262 264 243 283 
263 265 244 284 
264 266 245 285 
265 267 246 -1 
266 -1 -1 287 
-1 269 -1 -1 
268 270 249 289 
269 271 250 290 
270 272 251 291 
271 273 252 292 
272 274 -1 293 
273 275 254 294 
274 276 255 295 
275 277 256 296 
276 278 257 -1 
277 279 258 298 
278 -1 259 299 
-1 281 260 300 
280 282 261 301 
281 -1 262 302 
-1 284 263 -1 
283 -1 264 304 
-1 286 265 305 
285 287 -1 306 
286 288 267 307 
287 289 -1 308 
288 290 269 309 
289 291 270 310 
290 -1 271 311 
-1 293 272 312 
292 294 273 313 
293 295 274 314 
294 296 275 315 
295 297 276 316 
296 298 -1 317 
297 -1 278 -1 
-1 -1 279 319 
-1 301 280 320 
300 -1 281 -1 
-1 -1 282 -1 
-1 -1 -1 -1 
-1 305 284 -1 
304 -1 285 325 
-1 307 286 326 
306 308 287 327 
307 309 288 -1 
308 310 289 329 
309 311 290 330 
310 312 291 331 
311 313 292 332 
312 314 293 333 
313 315 294 334 
314 316 295 335 
315 -1 296 -1 
-1 318 297 337 
317 319 -1 338 
318 -1 299 339 
-1 321 300 340 
320 -1 -1 341 
-1 323 -1 342 
322 324 -1 343 
323 325 -1 344 
324 326 305 345 
325 327 306 346 
326 328 307 -1 
327 -1 -1 348 
-1 330 309 349 
329 331 310 -1 
330 332 311 -1 
331 333 312 352 
332 334 313 353 
333 -1 314 354 
-1 336 315 355 
335 337 -1 356 
336 338 317 357 
337 339 318 358 
338 -1 319 359 
-1 341 320 360 
340 342 321 -1 
341 343 322 362 
342 344 323 363 
343 345 324 -1 
344 -1 325 -1 
-1 347 326 366 
346 348 -1 367 
347 -1 328 368 
-1 350 329 -1 
349 351 -1 370 
350 -1 -1 -1 
-1 353 332 372 
352 354 333 373 
353 355 334 374 
354 356 335 375 
355 357 336 -1 
356 -1 337 377 
-1 -1 338 378 
-1 -1 339 379 
-1 361 340 380 
360 362 -1 -1 
361 363 342 382 
362 -1 343 383 
-1 365 -1 384 
364 366 -1 385 
365 367 346 386 
366 -1 347 387 
-1 369 348 -1 
368 370 -1 389 
369 371 350 390 
370 372 -1 391 
371 -1 352 -1 
-1 374 353 393 
373 375 354 394 
374 376 355 -1 
375 377 -1 396 
376 -1 357 397 
-1 379 358 398 
378 -1 359 399 
-1 -1 360 -1 
-1 -1 -1 -1 
-1 383 362 -1 
382 384 363 -1 
383 385 364 -1 
384 386 365 -1 
385 387 366 -1 
386 388 367 -1 
387 389 -1 -1 
388 390 369 -1 
389 391 370 -1 
390 392 371 -1 
391 393 -1 -1 
392 394 373 -1 
393 395 374 -1 
394 396 -1 -1 
395 397 376 -1 
396 -1 377 -1 
-1 399 378 -1 
398 -1 379 -1 
